264	3	29 -5 54
263	1	-17 -59 64
262	4	-42 -60 -9
261	5	-32 -1 54
260	1	-27 -71 37
259	3	-33 -46 47
258	4	25 -58 60
257	5	46 -59 4
256	2	22 -65 48
255	4	47 -30 49
254	4	46 -47 -17
253	3	-47 -51 -21
252	3	-52 -63 5
251	1	10 -62 61
246	7	1 -62 -18
245	2	22 -58 -23
244	3	-32 -55 -25
243	8	-16 -65 -20
242	4	-49 25 -1
241	4	53 33 1
240	2	56 -46 11
239	1	51 -29 -4
238	1	52 -33 8
237	4	-55 -40 14
236	5	-56 -50 10
235	4	54 -43 22
234	1	9 -4 6
233	13	15 5 7
232	1	-31 -11 0
231	4	29 1 4
229	1	31 -14 2
228	3	-15 4 8
227	1	-22 7 -5
226	3	-5 -28 -4
225	2	12 -17 8
224	1	-10 -18 7
223	8	-2 -13 12
221	7	2 -24 30
219	3	26 50 27
218	9	31 56 14
217	2	10 22 27
216	2	5 23 37
215	3	0 30 27
214	6	-28 52 21
213	5	-1 15 44
212	1	-11 26 25
211	1	34 16 -8
210	2	37 32 -2
209	3	36 22 3
208	1	-35 20 0
207	5	48 22 10
206	2	31 33 26
205	4	42 0 47
204	4	55 -45 37
203	2	11 -39 50
202	3	-3 26 44
201	2	-42 25 30
200	2	43 49 -2
199	2	33 -53 44
198	3	-42 45 -2
197	2	-34 55 4
196	1	40 18 40
195	2	-42 -55 45
193	1	32 14 56
191	1	-28 -58 48
190	1	49 -42 45
189	1	38 43 15
188	11	-42 38 21
187	1	-41 6 33
186	1	47 10 33
185	6	35 -67 -34
184	4	17 -80 -34
183	2	-18 -76 -24
180	3	24 45 -15
179	3	58 -53 -14
178	8	-23 11 64
176	3	-47 11 23
174	7	-44 2 46
172	1	-33 -79 -13
171	5	-26 -90 3
170	2	6 -81 6
168	1	-40 -88 -6
166	3	-16 -77 34
164	2	-42 -74 0
162	2	24 -87 24
161	2	42 -66 -8
160	3	-16 -52 -1
159	2	15 -77 31
158	4	20 -86 -2
157	1	29 -77 25
156	3	15 -87 37
155	3	-14 -91 31
154	3	-47 -76 -10
153	4	43 -78 -12
152	4	-18 -68 5
151	2	-15 -72 -8
150	2	27 -59 -9
149	8	-24 -91 19
147	2	-28 -79 19
146	1	-8 -81 7
145	1	8 -72 11
144	1	40 -72 14
143	1	18 -47 -10
141	1	17 -91 -14
140	4	8 -91 -7
139	2	49 35 -12
137	4	-46 31 -13
135	2	11 -66 42
134	2	-7 -71 42
133	2	-2 -35 31
132	1	-31 19 -19
131	2	-49 -42 1
130	7	47 -50 29
129	2	-53 3 -27
128	6	52 7 -30
127	17	28 -77 -32
126	1	-34 -38 -16
125	4	27 -37 -13
124	1	-26 -40 -8
123	1	52 -2 -16
122	3	12 36 20
121	8	13 30 59
120	1	-68 -41 -5
118	2	-58 -30 -4
115	3	-8 48 23
114	3	-20 64 19
113	2	-3 42 16
112	1	-2 38 36
111	3	-11 45 8
110	5	8 42 -5
109	5	-3 44 -9
108	1	9 54 3
107	2	-7 51 -1
106	2	6 64 22
105	4	6 54 16
104	2	-20 45 39
103	1	-10 55 39
102	4	13 55 38
101	2	22 39 39
100	3	-35 20 51
99	1	-16 29 53
98	4	-10 39 52
97	5	23 33 48
96	1	52 -59 36
94	1	-2 -37 44
93	3	15 -63 26
92	1	8 -48 31
91	5	-3 -49 13
90	6	-11 -56 16
88	2	-7 -55 27
87	5	-39 -75 44
86	2	-44 -65 35
85	7	27 16 -17
82	2	46 16 -30
81	5	-44 12 -34
80	2	43 -72 28
79	3	-46 -61 21
78	1	-18 63 -9
77	5	-13 -40 1
76	1	8 48 -15
75	2	6 67 -4
74	3	-41 -75 26
73	2	-30 -27 12
71	2	56 -5 13
70	5	-55 -9 12
69	3	-53 -22 23
68	7	-50 -34 26
67	10	43 -23 20
66	4	-49 -26 5
65	4	-60 -25 14
64	3	-38 -33 17
63	4	58 -16 7
62	1	65 -33 20
61	3	32 -26 13
60	2	36 10 1
59	5	-5 18 34
58	4	-51 8 -2
57	1	-34 3 4
55	2	-45 0 9
54	6	7 8 51
53	8	13 -1 70
52	1	37 1 -4
51	3	-10 -2 42
50	7	-16 -5 71
49	4	19 -8 64
48	1	54 -28 34
47	4	-3 2 53
45	4	-53 -10 24
44	1	51 -6 32
43	1	36 -9 14
42	1	-49 -11 35
41	4	38 -17 45
40	3	3 -17 58
39	2	2 -28 60
38	1	-16 -46 73
37	1	-38 -15 69
36	5	42 -20 55
35	3	-13 -17 75
34	2	-21 -31 61
33	4	-45 -32 47
32	2	22 -42 69
31	1	10 -17 74
30	3	-29 -43 61
29	4	44 -8 57
28	6	20 -29 60
27	2	-38 -27 69
26	2	50 -20 42
25	3	29 -39 59
24	6	-40 -19 54
23	4	-23 -30 72
22	3	10 -46 73
20	5	-54 -23 43
18	2	-7 -33 72
17	2	-7 -21 65
16	2	10 -2 45
15	2	0 -15 47
14	11	-14 -18 40
13	6	-7 -52 61
12	8	34 38 -12
7	2	17 -28 -17
6	1	-21 -22 -20
3	3	24 32 -18
